# Directed graph (each unordered pair of nodes is saved once): Cit-HepTh.txt 
# Paper citation network of Arxiv High Energy Physics Theory category
# Nodes: 27770 Edges: 352807
# FromNodeId	ToNodeId
1001	9304045
1001	9308122
1001	9309097
1001	9311042
1001	9401139
1001	9404151
1001	9407087
1001	9408099
1001	9501030
1001	9503124
1001	9504090
1001	9504145
1001	9505025
1001	9505054
1001	9505105
1001	9505162
1001	9506048
1001	9506112
1001	9506144
1001	9507050
1001	9507158
1001	9508094
1001	9508155
1001	9510142
1001	9510225
1001	9510234
1001	9511030
1001	9511171
1001	9601108
1001	9602022
1001	9602114
1001	9603003
1001	9603150
1001	9603161
1001	9603167
1001	9605184
1001	9605222
1001	9606017
1001	9606040
1001	9607163
1001	9607207
1001	9608086
1001	9609070
1001	9609071
1001	9609239
1001	9611137
1001	9612108
1001	9701162
1001	9702094
1001	9702155
1001	9702198
1001	9703082
1001	9703166
1001	9704097
1001	9705030
1001	9705044
1001	9705104
1001	9705220
1001	9706005
1001	9707014
1001	9707042
1001	9707049
1001	9710230
1001	9711036
1001	9711104
1001	9712028
1001	9712042
1001	9802194
1001	9805056
1001	9805206
1001	9806094
1001	9810188
1001	9811217
1001	9905036
1001	9907041
1001	9908007
1001	9908144
1001	9909108
1001	9909120
1001	9909229
1001	9910238
1001	9910248
1001	9910268
9304045	9204040
9308122	9203084
9308122	9204035
9308122	9205041
9308122	9207049
9308122	9207111
9308122	9301042
9308122	9301043
9309097	9203084
9309097	9205041
9309097	9301042
9309097	9301043
9311042	9301042
9311042	9301043
9401139	9201015
9401139	9201040
9401139	9201047
9401139	9202046
9401139	9202059
9401139	9202092
9401139	9203008
9401139	9203031
9401139	9204035
9401139	9204037
9401139	9204040
9401139	9204046
9401139	9205046
9401139	9205060
9401139	9205062
9401139	9205068
9401139	9206023
9401139	9206051
9401139	9206078
9401139	9207016
9401139	9207049
9401139	9207111
9401139	9208076
9401139	9209052
9401139	9210015
9401139	9210021
9401139	9210121
9401139	9211021
9401139	9211041
9401139	9212089
9401139	9301005
9401139	9301042
9401139	9301043
9401139	9302033
9401139	9302069
9401139	9302126
9401139	9303032
9401139	9304155
9401139	9305185
9401139	9308042
9404151	9305139
9404151	9309140
9407087	9204102
9407087	9211097
9407087	9401139
9407087	9402002
9407087	9402005
9407087	9402044
9407087	9403195
9407087	9403198
9407087	9406128
9408099	9204102
9408099	9211097
9408099	9402002
9408099	9402005
9408099	9402044
9408099	9403198
9408099	9407087
9501030	9205081
9501030	9207053
9501030	9208055
9501030	9209016
9501030	9211056
9501030	9303057
9501030	9305142
9501030	9305185
9501030	9306052
9501030	9306125
9501030	9311120
9501030	9402002
9501030	9402032
9501030	9406105
9501030	9406128
9501030	9406198
9501030	9407021
9501030	9407087
9501030	9407111
9501030	9408040
9501030	9408074
9501030	9408083
9501030	9408099
9501030	9409021
9501030	9410167
9501030	9410210
9501030	9412184
9503124	9205027
9503124	9401139
9503124	9402002
9503124	9406012
9503124	9407087
9503124	9407111
9503124	9408083
9503124	9411149
9503124	9411178
9503124	9501030
9504090	9201059
9504090	9309097
9504090	9309152
9504090	9407087
9504145	9301042
9504145	9309097
9505025	9301042
9505025	9309097
9505025	9310067
9505025	9402002
9505025	9404151
9505025	9410167
9505025	9412115
9505025	9501030
9505025	9501068
9505025	9502072
9505025	9503124
9505025	9504027
9505025	9504047
9505025	9504090
9505054	9304154
9505054	9402002
9505054	9410167
9505054	9411149
9505054	9501022
9505054	9502057
9505054	9503124
9505054	9503179
9505054	9504027
9505054	9504047
9505105	9308083
9505105	9308122
9505105	9402002
9505105	9407087
9505105	9408099
9505105	9410167
9505105	9411048
9505105	9411057
9505105	9501111
9505105	9502077
9505105	9503124
9505105	9503163
9505105	9504006
9505105	9504027
9505105	9504034
9505105	9504047
9505105	9504090
9505105	9504145
9505105	9505023
9505105	9505053
9505105	9505062
9505162	9302103
9505162	9305069
9505162	9305185
9505162	9309140
9505162	9402044
9505162	9404151
9505162	9406032
9505162	9407087
9505162	9408099
9505162	9409188
9505162	9410167
9505162	9411048
9505162	9501030
9505162	9501068
9505162	9502072
9505162	9503124
9505162	9504006
9505162	9504027
9505162	9504034
9505162	9504047
9505162	9504090
9505162	9504145
9505162	9505023
9505162	9505053
9505162	9505105
9506048	9402002
9506048	9410167
9506048	9501030
9506048	9503124
9506048	9504047
9506048	9505054
9506048	9505162
9506112	9308083
9506112	9308122
9506112	9406055
9506112	9407087
9506112	9408036
9506112	9408099
9506112	9411048
9506112	9411234
9506112	9412200
9506112	9502072
9506112	9504006
9506112	9504034
9506112	9504090
9506112	9505105
9506112	9505162
9506112	9506075
9506112	9506091
9506144	9407087
9506144	9408036
9506144	9408099
9506144	9411048
9506144	9412200
9506144	9501030
9506144	9501068
9506144	9502072
9506144	9503124
9506144	9504145
9506144	9505105
9506144	9505162
9506144	9506024
9506144	9506075
9506144	9506112
9507050	9305185
9507050	9308083
9507050	9404151
9507050	9407087
9507050	9410167
9507050	9411234
9507050	9503124
9507050	9504090
9507050	9504145
9507050	9505054
9507050	9505105
9507050	9505162
9507050	9506048
9507050	9506077
9507050	9506110
9507050	9506112
9507050	9506160
9507050	9506194
9507050	9507027
9507158	9207060
9507158	9410167
9507158	9501068
9507158	9502072
9507158	9503124
9507158	9503212
9507158	9504047
9507158	9504090
9507158	9504145
9507158	9505105
9507158	9505162
9507158	9506126
9507158	9506144
9507158	9506150
9507158	9506194
9507158	9507048
9508094	9205027
9508094	9207053
9508094	9303057
9508094	9303106
9508094	9305142
9508094	9305185
9508094	9306052
9508094	9311120
9508094	9402002
9508094	9404151
9508094	9406105
9508094	9406198
9508094	9407111
9508094	9408083
9508094	9410073
9508094	9410167
9508094	9411187
9508094	9412184
9508094	9412200
9508094	9501030
9508094	9503124
9508094	9504027
9508094	9504047
9508094	9504081
9508094	9504095
9508094	9506057
9508094	9506126
9508094	9507090
9508094	9508056
9508155	9304135
9508155	9308083
9508155	9308122
9508155	9309140
9508155	9406055
9508155	9407087
9508155	9408036
9508155	9410167
9508155	9411048
9508155	9411057
9508155	9412209
9508155	9501030
9508155	9501068
9508155	9502072
9508155	9503124
9508155	9503163
9508155	9504006
9508155	9504027
9508155	9504034
9508155	9504090
9508155	9504145
9508155	9505023
9508155	9505053
9508155	9505062
9508155	9505073
9508155	9505105
9508155	9505150
9508155	9505162
9508155	9506024
9508155	9506075
9508155	9506077
9508155	9506084
9508155	9506102
9508155	9506110
9508155	9506112
9508155	9506150
9508155	9506160
9508155	9506194
9508155	9507027
9508155	9507050
9508155	9507113
9508155	9507115
9508155	9507121
9508155	9507151
9508155	9507153
9508155	9507158
9508155	9507168
9508155	9508044
9508155	9508064
9508155	9508071
9508155	9508096
9508155	9508143
9508155	9508144
9510142	9404151
9510142	9406032
9510142	9407087
9510142	9408099
9510142	9409110
9510142	9409188
9510142	9410167
9510142	9501030
9510142	9503124
9510142	9503208
9510142	9504090
9510142	9504145
9510142	9505025
9510142	9505105
9510142	9505162
9510142	9506048
9510142	9506075
9510142	9506110
9510142	9506112
9510142	9507012
9510142	9507050
9510142	9507113
9510142	9507121
9510142	9508144
9510142	9508154
9510142	9508155
9510142	9509009
9510142	9510093
9510225	9201056
9510225	9206080
9510225	9301083
9510225	9307158
9510225	9308062
9510225	9407031
9510225	9407087
9510225	9410167
9510225	9503124
9510225	9504090
9510225	9505023
9510225	9505105
9510225	9506112
9510225	9506122
9510225	9507012
9510225	9507115
9510225	9507121
9510225	9508143
9510225	9509066
9510225	9510135
9510225	9510142
9510225	9510169
9510234	9202046
9510234	9204030
9510234	9205009
9510234	9301042
9510234	9301043
9510234	9302103
9510234	9307158
9510234	9308083
9510234	9309097
9510234	9309140
9510234	9311042
9510234	9404151
9510234	9406055
9510234	9408099
9510234	9409110
9510234	9410167
9510234	9501030
9510234	9502072
9510234	9503124
9510234	9504006
9510234	9504027
9510234	9504145
9510234	9505105
9510234	9505162
9510234	9506075
9510234	9506110
9510234	9506112
9510234	9507050
9510234	9507113
9510234	9507115
9510234	9507151
9510234	9507153
9510234	9508064
9510234	9508155
9510234	9509009
9510234	9510093
9510234	9510142
9511030	9305142
9511030	9305185
9511030	9306052
9511030	9406198
9511030	9407031
9511030	9407087
9511030	9407111
9511030	9412184
9511030	9501030
9511030	9503124
9511030	9504027
9511030	9504047
9511030	9504090
9511030	9505105
9511030	9506160
9511030	9506194
9511030	9507121
9511030	9510017
9511030	9510135
9511030	9510169
9511030	9510173
9511171	9311042
9511171	9404151
9511171	9407087
9511171	9408099
9511171	9410167
9511171	9411048
9511171	9503124
9511171	9504047
9511171	9504145
9511171	9505105
9511171	9505162
9511171	9506112
9511171	9507012
9511171	9507050
9511171	9507121
9511171	9508155
9511171	9510093
9511171	9510142
9511171	9510182
9511171	9510225
9511171	9510234
9511171	9511030
9601108	9301042
9601108	9302103
9601108	9308083
9601108	9308122
9601108	9309097
9601108	9311042
9601108	9404151
9601108	9406055
9601108	9407087
9601108	9410167
9601108	9412236
9601108	9501030
9601108	9502072
9601108	9503124
9601108	9504047
9601108	9504090
9601108	9504145
9601108	9505023
9601108	9505025
9601108	9505105
9601108	9505162
9601108	9506091
9601108	9507012
9601108	9507121
9601108	9507158
9601108	9508155
9601108	9510135
9601108	9510142
9601108	9510225
9601108	9510234
9601108	9511164
9601108	9511171
9601108	9511222
9601108	9512016
9601108	9512017
9601108	9512059
9601108	9512145
9601108	9601014
9601108	9601038
9602022	9206101
9602022	9409111
9602022	9410167
9602022	9503124
9602022	9505053
9602022	9505105
9602022	9505183
9602022	9506101
9602022	9507050
9602022	9508154
9602022	9510017
9602022	9510086
9602022	9510161
9602022	9510169
9602022	9510209
9602022	9510225
9602022	9511080
9602022	9511164
9602022	9511222
9602022	9512077
9602022	9512181
9602022	9512196
9602022	9512219
9602022	9601036
9602022	9602010
9602114	9210127
9602114	9301042
9602114	9304104
9602114	9308083
9602114	9309097
9602114	9311042
9602114	9410167
9602114	9501030
9602114	9503124
9602114	9504090
9602114	9504145
9602114	9505105
9602114	9506112
9602114	9506156
9602114	9507012
9602114	9507050
9602114	9508107
9602114	9508155
9602114	9509106
9602114	9510093
9602114	9510142
9602114	9510225
9602114	9511030
9602114	9511171
9602114	9512129
9602114	9512178
9602114	9512181
9602114	9601014
9602114	9601036
9602114	9601108
9602114	9602022
9602114	9602049
9602114	9602064
9602114	9602097
9602114	9602118
9603003	9210127
9603003	9304104
9603003	9506057
9603003	9507121
9603003	9510209
9603003	9511030
9603003	9512053
9603003	9512059
9603003	9512219
9603003	9601036
9603003	9601038
9603003	9602010
9603003	9602022
9603003	9602030
9603003	9602070
9603003	9602097
9603003	9602098
9603003	9602114
9603003	9602118
9603003	9602120
9603150	9301042
9603150	9309097
9603150	9404060
9603150	9503124
9603150	9505053
9603150	9505105
9603150	9506126
9603150	9506144
9603150	9507012
9603150	9507121
9603150	9507158
9603150	9511108
9603150	9511157
9603150	9511171
9603150	9512059
9603150	9601014
9603150	9601036
9603150	9601108
9603150	9602022
9603150	9602097
9603150	9602102
9603150	9602114
9603150	9602118
9603150	9602120
9603150	9603003
9603150	9603037
9603161	9210127
9603161	9301042
9603161	9304104
9603161	9309097
9603161	9504090
9603161	9504145
9603161	9505062
9603161	9505162
9603161	9507121
9603161	9508143
9603161	9508154
9603161	9510086
9603161	9510142
9603161	9510209
9603161	9510225
9603161	9511204
9603161	9511222
9603161	9512053
9603161	9512077
9603161	9512078
9603161	9601014
9603161	9601036
9603161	9601108
9603161	9602010
9603161	9602022
9603161	9602030
9603161	9602070
9603161	9602097
9603161	9602114
9603161	9602120
9603161	9603003
9603161	9603037
9603167	9406032
9603167	9408074
9603167	9509151
9603167	9510017
9603167	9510142
9603167	9510161
9603167	9510225
9603167	9511026
9603167	9511030
9603167	9511088
9603167	9511222
9603167	9512077
9603167	9601029
9603167	9601038
9603167	9601162
9603167	9602052
9605184	9210127
9605184	9501030
9605184	9503124
9605184	9507050
9605184	9510017
9605184	9510161
9605184	9510169
9605184	9510209
9605184	9511030
9605184	9512077
9605184	9601036
9605184	9601038
9605184	9602022
9605184	9602052
9605184	9602097
9605184	9602114
9605184	9602120
9605184	9603003
9605184	9603037
9605184	9603142
9605184	9603161
9605184	9603167
9605222	9301042
9605222	9308083
9605222	9308122
9605222	9309097
9605222	9309110
9605222	9403054
9605222	9406090
9605222	9409110
9605222	9412117
9605222	9412236
9605222	9501111
9605222	9502012
9605222	9503124
9605222	9503212
9605222	9504090
9605222	9504145
9605222	9507012
9605222	9507121
9605222	9510055
9605222	9510225
9605222	9511030
9605222	9601036
9605222	9605036
9606017	9402044
9606017	9408099
9606017	9503124
9606017	9511030
9606017	9512077
9606017	9602022
9606017	9602052
9606017	9602120
9606017	9603003
9606017	9603081
9606017	9603127
9606017	9604198
9606017	9605150
9606017	9605199
9606040	9406178
9606040	9507158
9606040	9508155
9606040	9510227
9606040	9512062
9606040	9603150
9607163	9407087
9607163	9408099
9607163	9507158
9607163	9603042
9607163	9605150
9607163	9605199
9607163	9606017
9607207	9407087
9607207	9408099
9607207	9411149
9607207	9508107
9607207	9512077
9607207	9602167
9607207	9603042
9607207	9605150
9607207	9605199
9607207	9606017
9607207	9607163
9608086	9407087
9608086	9408099
9608086	9507158
9608086	9509132
9608086	9601014
9608086	9601108
9608086	9606017
9608086	9607163
9608086	9608039
9608086	9608079
9609070	9504145
9609070	9506144
9609070	9507158
9609070	9510169
9609070	9601108
9609070	9602052
9609070	9602102
9609070	9603042
9609070	9603150
9609070	9603161
9609070	9604097
9609070	9605154
9609070	9606017
9609070	9608039
9609070	9608111
9609071	9510169
9609071	9510209
9609071	9510225
9609071	9511108
9609071	9511164
9609071	9511171
9609071	9601014
9609071	9601108
9609071	9602022
9609071	9602052
9609071	9602114
9609071	9602120
9609071	9603003
9609071	9603142
9609071	9603150
9609071	9603161
9609071	9604198
9609071	9605131
9609071	9605150
9609071	9605154
9609071	9605199
9609071	9605200
9609071	9606044
9609071	9606086
9609071	9607020
9609071	9607139
9609071	9608024
9609071	9608047
9609071	9608109
9609071	9608111
9609239	9301042
9609239	9305142
9609239	9308122
9609239	9407087
9609239	9408099
9609239	9410167
9609239	9412236
9609239	9503124
9609239	9504034
9609239	9504145
9609239	9505053
9609239	9505105
9609239	9505162
9609239	9506110
9609239	9506112
9609239	9507012
9609239	9507050
9609239	9507115
9609239	9507121
9609239	9507151
9609239	9507153
9609239	9508107
9609239	9508155
9609239	9509042
9609239	9509161
9609239	9510017
9609239	9510106
9609239	9510225
9609239	9510234
9609239	9511108
9609239	9511171
9609239	9511222
9609239	9601014
9609239	9601108
9609239	9602051
9609239	9602118
9609239	9603108
9609239	9605200
9609239	9606086
9609239	9608194
9609239	9609071
9611137	9210127
9611137	9302103
9611137	9305139
9611137	9401139
9611137	9402002
9611137	9402032
9611137	9404151
9611137	9407087
9611137	9408099
9611137	9410167
9611137	9412115
9611137	9501030
9611137	9503124
9611137	9504047
9611137	9504090
9611137	9504145
9611137	9505025
9611137	9505054
9611137	9505105
9611137	9505162
9611137	9506048
9611137	9506110
9611137	9506112
9611137	9507012
9611137	9507027
9611137	9507050
9611137	9507115
9611137	9507121
9611137	9507151
9611137	9507153
9611137	9508094
9611137	9508143
9611137	9508144
9611137	9508154
9611137	9508155
9611137	9510017
9611137	9510093
9611137	9510182
9611137	9510209
9611137	9510225
9611137	9510234
9611137	9511030
9611137	9511077
9611137	9511164
9611137	9512016
9611137	9512053
9611137	9512226
9611137	9601036
9611137	9601038
9611137	9601108
9611137	9602022
9611137	9602114
9611137	9602118
9611137	9603003
9611137	9603161
9611137	9603167
9611137	9603170
9611137	9604034
9611137	9605131
9611137	9605150
9611137	9605184
9611137	9605200
9611137	9606040
9611137	9606086
9611137	9609161
9612108	9503124
9612108	9505105
9612108	9505162
9612108	9507012
9612108	9507121
9612108	9510209
9612108	9510225
9612108	9511030
9612108	9601038
9612108	9601108
9612108	9602022
9612108	9602030
9612108	9602114
9612108	9602118
9612108	9603003
9612108	9603161
9612108	9604129
9612108	9605131
9612108	9605150
9612108	9605184
9612108	9605200
9612108	9606086
9612108	9606165
9612108	9610111
9612108	9611137
9701162	9602065
9701162	9602114
9701162	9603150
9701162	9603161
9701162	9604030
9701162	9605053
9701162	9605131
9701162	9605150
9701162	9605200
9701162	9606086
9701162	9606122
9701162	9606148
9701162	9607091
9701162	9607105
9701162	9608194
9701162	9609070
9701162	9609071
9701162	9610195
9701162	9610251
9701162	9611090
9701162	9612052
9701162	9701015
9701162	9701023
9701162	9701147
9702094	9402044
9702094	9407087
9702094	9408099
9702094	9411048
9702094	9411149
9702094	9503115
9702094	9503179
9702094	9505006
9702094	9505062
9702094	9505075
9702094	9505082
9702094	9505100
9702094	9505105
9702094	9506098
9702094	9507013
9702094	9507018
9702094	9507032
9702094	9507169
9702094	9508155
9702094	9510148
9702094	9510228
9702094	9511154
9702094	9603042
9702094	9603086
9702094	9603136
9702094	9603158
9702094	9604034
9702094	9605150
9702094	9605199
9702094	9607076
9702094	9607202
9702094	9610132
9702094	9611190
9702094	9611197
9702094	9612052
9702094	9612114
9702094	9612207
9702155	9203084
9702155	9204060
9702155	9205004
9702155	9205041
9702155	9301042
9702155	9304026
9702155	9309097
9702155	9311042
9702155	9401139
9702155	9407087
9702155	9409110
9702155	9410167
9702155	9502072
9702155	9503124
9702155	9504090
9702155	9504145
9702155	9505062
9702155	9505105
9702155	9507158
9702155	9509049
9702155	9509132
9702155	9510017
9702155	9510135
9702155	9510169
9702155	9510225
9702155	9511230
9702155	9606040
9702155	9606112
9702155	9609070
9702155	9609071
9702198	9309097
9702198	9506144
9702198	9510182
9702198	9510225
9702198	9511030
9702198	9511171
9702198	9601014
9702198	9601108
9702198	9602102
9702198	9602114
9702198	9602120
9702198	9603003
9702198	9603037
9702198	9603042
9702198	9603150
9702198	9603161
9702198	9603167
9702198	9604097
9702198	9604198
9702198	9605131
9702198	9605154
9702198	9605199
9702198	9605200
9702198	9606008
9702198	9606086
9702198	9608111
9702198	9609070
9702198	9609071
9702198	9609161
9702198	9609219
9702198	9610251
9703082	9204035
9703082	9207091
9703082	9210068
9703082	9407087
9703082	9408036
9703082	9408099
9703082	9411048
9703082	9502072
9703082	9504102
9703082	9505097
9703082	9507008
9703082	9509161
9703082	9509175
9703082	9509176
9703082	9510074
9703082	9511180
9703082	9512005
9703082	9512006
9703082	9512139
9703082	9603004
9703082	9604062
9703082	9605032
9703082	9606043
9703082	9606073
9703082	9607032
9703082	9608183
9703082	9609059
9703082	9611112
9703082	9611188
9703082	9612105
9703166	9407087
9703166	9411048
9703166	9411057
9703166	9501068
9703166	9505035
9703166	9505062
9703166	9505075
9703166	9505100
9703166	9506011
9703166	9507158
9703166	9509161
9703166	9509162
9703166	9510101
9703166	9511222
9703166	9512059
9703166	9512062
9703166	9604034
9703166	9608085
9703166	9611230
9703166	9612131
9703166	9702014
9703166	9702154
9704097	9204060
9704097	9205004
9704097	9412117
9704097	9505105
9704097	9505162
9704097	9506024
9704097	9506075
9704097	9506110
9704097	9506112
9704097	9507050
9704097	9507113
9704097	9507115
9704097	9508155
9704097	9509146
9704097	9511030
9704097	9602114
9704097	9603161
9704097	9603170
9704097	9605131
9704097	9605200
9704097	9606133
9704097	9610111
9704097	9610154
9704097	9612108
9704097	9701023
9704097	9701147
9704097	9701165
9704097	9701175
9704097	9703007
9704097	9703148
9705030	9310035
9705030	9507012
9705030	9507121
9705030	9510135
9705030	9510209
9705030	9511030
9705030	9512059
9705030	9512077
9705030	9512219
9705030	9601038
9705030	9602030
9705030	9603003
9705030	9603167
9705030	9604129
9705030	9604178
9705030	9605184
9705030	9606165
9705030	9606176
9705030	9607019
9705030	9607057
9705030	9607229
9705030	9608053
9705030	9611050
9705030	9612108
9705030	9612126
9705030	9702038
9705044	9304104
9705044	9310035
9705044	9507012
9705044	9510135
9705044	9510209
9705044	9511030
9705044	9512053
9705044	9512077
9705044	9601036
9705044	9601038
9705044	9602120
9705044	9603003
9705044	9603037
9705044	9603167
9705044	9604129
9705044	9605030
9705044	9605184
9705044	9607019
9705044	9608053
9705044	9609159
9705044	9609161
9705044	9610140
9705044	9612108
9705044	9612126
9705044	9702038
9705044	9703098
9705044	9703167
9705104	9301042
9705104	9503124
9705104	9505105
9705104	9507012
9705104	9507121
9705104	9510234
9705104	9511030
9705104	9602022
9705104	9602114
9705104	9603003
9705104	9603161
9705104	9603167
9705104	9605131
9705104	9605184
9705104	9605200
9705104	9606008
9705104	9606086
9705104	9609111
9705104	9609159
9705104	9609161
9705104	9610111
9705104	9611137
9705104	9611230
9705104	9612108
9705104	9701129
9705104	9701162
9705104	9701165
9705104	9702038
9705104	9702061
9705104	9703098
9705104	9703167
9705104	9704097
9705104	9705030
9705104	9705044
9705220	9409188
9705220	9501030
9705220	9503124
9705220	9504090
9705220	9504145
9705220	9506011
9705220	9509175
9705220	9510225
9705220	9511164
9705220	9601014
9705220	9601108
9705220	9603003
9705220	9603042
9705220	9604034
9705220	9605154
9705220	9605200
9705220	9606040
9705220	9606086
9705220	9607207
9705220	9608039
9705220	9608047
9705220	9608086
9705220	9609070
9705220	9609071
9705220	9609239
9705220	9610076
9705220	9610111
9705220	9610251
9705220	9611063
9705220	9611090
9705220	9611201
9705220	9611230
9705220	9612052
9705220	9612085
9705220	9612131
9705220	9701015
9705220	9701162
9705220	9702014
9705220	9702038
9705220	9702154
9705220	9702180
9705220	9702198
9705220	9703100
9705220	9703110
9705220	9703166
9705220	9703167
9705220	9703210
9705220	9704043
9705220	9704044
9705220	9704061
9705220	9704104
9705220	9704170
9705220	9705004
9705220	9705030
9705220	9705044
9705220	9705104
9706005	9410167
9706005	9503124
9706005	9504027
9706005	9504047
9706005	9505105
9706005	9505162
9706005	9511030
9706005	9602114
9706005	9603003
9706005	9603161
9706005	9605184
9706005	9606040
9706005	9612108
9706005	9704097
9706005	9705104
9707014	9404151
9707014	9503124
9707014	9505025
9707014	9507158
9707014	9510209
9707014	9511222
9707014	9602022
9707014	9602114
9707014	9602120
9707014	9603003
9707014	9603161
9707014	9609176
9707014	9610043
9707014	9611137
9707014	9701162
9707014	9701165
9707014	9705104
9707014	9705113
9707014	9705175
9707014	9706155
9707042	9503124
9707042	9506052
9707042	9507121
9707042	9510135
9707042	9510225
9707042	9511164
9707042	9512059
9707042	9512062
9707042	9601003
9707042	9602077
9707042	9610043
9707042	9702136
9707042	9704089
9707042	9705162
9707042	9705212
9707042	9706117
9707042	9706144
9707042	9706207
9707049	9505105
9707049	9505162
9707049	9506110
9707049	9506112
9707049	9507050
9707049	9508155
9707049	9511030
9707049	9601108
9707049	9602114
9707049	9603161
9707049	9603170
9707049	9605131
9707049	9605154
9707049	9605200
9707049	9606008
9707049	9606086
9707049	9606133
9707049	9607207
9707049	9609239
9707049	9610154
9707049	9611137
9707049	9701175
9707049	9703148
9707049	9704097
9707049	9705220
9710230	9201059
9710230	9504090
9710230	9507158
9710230	9510017
9710230	9511222
9710230	9512077
9710230	9605033
9710230	9609017
9710230	9610234
9710230	9710206
9711036	9301042
9711036	9309097
9711036	9309110
9711036	9406091
9711036	9502012
9711036	9503212
9711036	9507121
9711036	9601036
9711036	9605222
9711036	9606040
9711036	9609167
9711036	9611172
9711036	9701162
9711036	9701165
9711036	9702199
9711036	9705104
9711036	9705174
9711036	9705210
9711036	9709178
9711036	9709193
9711036	9710021
9711036	9710031
9711036	9711013
9711104	9505054
9711104	9506048
9711104	9507027
9711104	9508144
9711104	9509161
9711104	9611092
9711104	9701162
9712028	9309124
9712028	9401139
9712028	9407087
9712028	9408099
9712028	9506048
9712028	9511030
9712028	9601038
9712028	9602022
9712028	9602052
9712028	9604129
9712028	9604178
9712028	9605150
9712028	9605184
9712028	9605199
9712028	9606017
9712028	9606165
9712028	9607163
9712028	9611050
9712028	9611092
9712028	9612108
9712028	9703157
9712028	9705104
9712028	9707123
9712028	9708118
9712028	9711104
9712028	9711201
9712042	9309140
9712042	9408099
9712042	9510101
9712042	9512043
9712042	9607163
9712042	9703082
9712042	9709180
9802194	9404151
9802194	9505025
9802194	9505105
9802194	9505162
9802194	9507158
9802194	9510142
9802194	9510234
9802194	9511030
9802194	9602114
9802194	9603161
9802194	9605131
9802194	9609017
9802194	9611137
9802194	9701162
9802194	9701165
9802194	9705104
9802194	9707014
9802194	9711104
9802194	9712023
9802194	9712028
9802194	9801057
9802194	9802093
9805056	9506048
9805056	9507027
9805056	9602114
9805056	9603161
9805056	9701162
9805056	9701165
9805056	9705104
9805056	9707014
9805056	9711104
9805056	9711162
9805056	9711165
9805056	9712028
9805056	9802093
9805206	9503124
9805206	9511030
9805206	9512053
9805206	9602114
9805206	9603003
9805206	9603161
9805206	9603167
9805206	9605131
9805206	9605184
9805206	9611137
9805206	9612108
9805206	9701162
9805206	9702038
9805206	9705030
9805206	9705044
9805206	9705104
9805206	9801057
9805206	9802194
9805206	9805056
9805206	9805189
9806094	9404151
9806094	9505105
9806094	9507012
9806094	9507121
9806094	9510182
9806094	9602114
9806094	9603003
9806094	9603161
9806094	9605033
9806094	9605131
9806094	9605222
9806094	9606040
9806094	9611137
9806094	9701162
9806094	9701165
9806094	9705104
9806094	9712023
9806094	9801057
9806094	9802093
9806094	9802194
9806094	9805206
9810188	9309124
9810188	9403040
9810188	9510017
9810188	9511030
9810188	9511194
9810188	9511222
9810188	9512077
9810188	9601038
9810188	9603167
9810188	9604091
9810188	9604156
9810188	9605033
9810188	9605184
9810188	9612215
9810188	9703157
9810188	9704006
9810188	9708147
9810188	9710206
9810188	9710230
9810188	9711162
9810188	9803194
9810188	9805019
9810188	9805112
9810188	9805170
9810188	9806155
9810188	9807138
9810188	9807235
9810188	9808141
9810188	9809111
9810188	9810163
9811217	9309097
9811217	9402119
9811217	9407087
9811217	9408099
9811217	9412117
9811217	9505054
9811217	9507050
9811217	9508155
9811217	9511030
9811217	9601036
9811217	9601108
9811217	9602022
9811217	9602114
9811217	9603161
9811217	9603170
9811217	9604030
9811217	9604034
9811217	9604198
9811217	9605033
9811217	9605053
9811217	9605150
9811217	9605184
9811217	9605200
9811217	9605222
9811217	9606086
9811217	9606122
9811217	9607207
9811217	9608194
9811217	9609239
9811217	9610154
9811217	9610162
9811217	9611063
9811217	9611201
9811217	9612108
9811217	9701023
9811217	9701147
9811217	9701162
9811217	9701165
9811217	9701175
9811217	9702061
9811217	9704097
9811217	9705030
9811217	9705044
9811217	9705104
9811217	9705174
9811217	9705220
9811217	9706005
9811217	9706110
9811217	9706226
9811217	9711013
9811217	9801139
9811217	9802194
9811217	9802202
9811217	9803224
9811217	9804176
9811217	9805189
9811217	9806094
9811217	9807096
9905036	9308083
9905036	9311042
9905036	9404060
9905036	9404151
9905036	9407087
9905036	9502072
9905036	9504006
9905036	9504034
9905036	9505025
9905036	9505105
9905036	9506112
9905036	9507151
9905036	9508155
9905036	9602022
9905036	9602154
9905036	9609111
9905036	9611137
9905036	9712042
9907041	9405012
9907041	9507158
9907041	9605184
9907041	9808141
9908007	9210068
9908007	9308083
9908007	9310067
9908007	9403096
9908007	9403187
9908007	9410167
9908007	9503124
9908007	9504081
9908007	9505105
9908007	9505162
9908007	9506194
9908007	9507158
9908007	9508091
9908007	9510106
9908007	9510182
9908007	9512139
9908007	9608039
9908007	9608079
9908007	9610151
9908007	9706195
9908007	9707013
9908007	9707044
9908007	9801009
9908007	9806140
9908007	9812170
9908007	9901126
9908007	9901137
9908144	9401139
9908144	9503124
9908144	9510017
9908144	9510135
9908144	9510169
9908144	9511030
9908144	9601038
9908144	9602022
9908144	9604178
9908144	9604198
9908144	9610148
9908144	9610249
9908144	9611050
9908144	9611159
9908144	9611173
9908144	9612080
9908144	9708147
9908144	9709027
9908144	9710230
9908144	9711098
9908144	9711200
9908144	9712028
9908144	9712086
9908144	9803194
9908144	9805019
9908144	9805170
9908144	9806155
9908144	9808141
9908144	9809111
9908144	9810188
9908144	9812135
9908144	9901042
9908144	9902160
9908144	9903123
9908144	9904207
9908144	9905006
9908144	9905080
9908144	9905195
9908144	9907061
9908144	9908091
9908144	9908126
9909108	9403123
9909108	9409188
9909108	9410167
9909108	9505054
9909108	9505162
9909108	9507027
9909108	9507121
9909108	9510209
9909108	9603086
9909108	9605201
9909108	9612126
9909108	9710230
9909108	9803205
9909108	9805112
9909108	9807040
9909108	9807235
9909108	9810188
9909108	9902098
9909108	9903031
9909108	9904104
9909108	9905032
9909108	9907189
9909108	9907200
9909108	9908041
9909120	9212115
9909120	9511169
9909120	9810157
9909120	9909108
9909229	9301042
9909229	9408099
9909229	9503212
9909229	9504090
9909229	9505105
9909229	9505162
9909229	9507121
9909229	9508155
9909229	9511030
9909229	9511164
9909229	9603167
9909229	9605036
9909229	9607163
9909229	9608085
9909229	9702038
9909229	9705030
9909229	9705044
9909229	9705104
9909229	9706195
9909229	9802194
9909229	9806094
9909229	9810064
9909229	9903224
9909229	9907041
9909229	9907178
9909229	9908142
9909229	9909101
9910238	9503124
9910238	9504090
9910238	9505105
9910238	9505162
9910238	9507158
9910238	9511030
9910238	9606017
9910238	9606122
9910238	9607163
9910238	9607207
9910238	9608039
9910238	9608086
9910238	9611063
9910238	9611201
9910238	9611230
9910238	9612131
9910238	9706195
9910238	9707042
9910238	9802194
9910238	9901126
9910238	9909229
9910248	9401139
9910248	9404151
9910248	9407087
9910248	9505105
9910248	9506112
9910248	9507050
9910248	9507151
9910248	9507158
9910248	9508155
9910248	9601036
9910248	9602114
9910248	9602118
9910248	9603161
9910248	9607163
9910248	9607207
9910248	9608086
9910248	9609239
9910248	9611137
9910248	9611230
9910248	9701162
9910248	9703082
9910248	9705104
9910248	9707014
9910248	9707042
9910248	9712042
9910248	9802194
9910248	9805206
9910248	9806094
9910248	9907041
9910248	9909229
9910248	9910238
9910268	9503124
9910268	9601036
9910268	9602114
9910268	9603161
9910268	9604034
9910268	9605200
9910268	9606086
9910268	9607163
9910268	9607207
9910268	9609239
9910268	9611063
9910268	9611201
9910268	9701162
9910268	9702038
9910268	9705030
9910268	9705044
9910268	9705104
9910268	9705220
9910268	9706005
9910268	9706110
9910268	9707042
9910268	9811217
9910268	9904115
9910268	9909229
9910268	9910216
9910268	9910238
9910268	9910248
1002	9201007
1002	9204031
1002	9210123
1002	9304062
1002	9306005
1002	9402089
1002	9604090
1002	9803235
1002	9807051
1002	9809015
1002	9810063
1002	9812035
1002	9902125
1002	9902155
1002	9904017
1002	9905012
1002	9905210
1002	9906064
1002	9906194
1002	9907070
1002	9907209
1002	9908076
1002	9908116
1002	9908186
1002	9909001
1002	9909041
1002	9909053
1002	9909058
1002	9909121
1002	9909134
1002	9910149
1002	9910219
1002	9912012
1002	9912118
1002	9912132
1002	9912187
9210123	9201007
9210123	9202037
9210123	9204031
9210123	9205027
9210123	9206004
9210123	9209116
9304062	9201007
9304062	9204031
9304062	9205027
9304062	9210123
9402089	9201007
9402089	9202014
9402089	9203083
9402089	9204031
9402089	9204046
9402089	9205027
9402089	9210123
9402089	9304062
9604090	9201007
9604090	9202014
9604090	9204031
9604090	9205027
9604090	9205060
9604090	9206004
9604090	9210123
9604090	9211021
9604090	9212020
9604090	9304062
9604090	9305142
9604090	9307049
9604090	9309089
9604090	9311120
9604090	9402002
9604090	9402085
9604090	9403058
9604090	9405124
9604090	9409119
9604090	9411170
9604090	9412184
9604090	9501073
9604090	9502077
9604090	9503114
9604090	9503124
9604090	9505073
9604090	9507048
9604090	9507090
9604090	9508071
9604090	9508094
9604090	9510097
9604090	9511131
9604090	9512031
9604090	9512127
9604090	9601075
9604090	9602126
9604090	9603074
9803235	9506144
9803235	9510161
9803235	9510209
9803235	9510227
9803235	9511108
9803235	9511203
9803235	9601150
9803235	9602070
9803235	9603004
9803235	9603142
9803235	9605033
9803235	9605136
9803235	9606036
9803235	9608019
9803235	9608173
9803235	9609209
9803235	9610151
9803235	9611134
9803235	9611196
9803235	9701048
9803235	9704177
9803235	9706171
9803235	9706195
9803235	9707143
9803235	9707208
9803235	9707223
9803235	9708031
9803235	9709043
9803235	9709049
9803235	9709214
9803235	9710208
9803235	9711080
9803235	9711197
9803235	9712214
9803235	9801030
9803235	9801087
9803235	9801123
9803235	9801204
9803235	9802111
9803235	9802148
9807051	9405124
9807051	9504019
9807051	9506126
9807051	9510086
9807051	9511203
9807051	9601150
9807051	9604090
9807051	9607011
9807051	9607043
9807051	9608173
9807051	9611079
9807051	9704186
9807051	9707207
9807051	9710244
9807051	9801160
9807051	9802030
9807051	9803084
9807051	9803116
9807051	9803156
9807051	9803239
9807051	9803259
9807051	9805012
9807051	9805032
9807051	9805167
9809015	9204099
9809015	9302126
9809015	9308131
9809015	9310159
9809015	9410073
9809015	9512222
9809015	9706174
9809015	9706192
9809015	9711161
9809015	9711200
9809015	9803090
9809015	9805087
9809015	9806195
9809015	9807137
9809015	9807187
9809015	9808016
9809015	9808097
9809015	9808149
9810063	9607060
9810063	9608125
9810063	9611014
9810063	9705024
9810063	9711048
9810063	9711200
9810063	9802109
9810063	9802150
9810063	9802203
9810063	9803171
9810063	9804170
9810063	9806074
9810063	9807090
9810063	9807097
9810063	9807098
9810063	9808006
9810063	9808162
9810063	9809067
9810063	9809122
9810063	9809179
9810063	9810051
9812035	9411149
9812035	9508072
9812035	9601023
9812035	9602111
9812035	9602136
9812035	9608125
9812035	9711200
9812035	9802109
9812035	9802150
9812035	9802183
9812035	9802203
9812035	9806087
9812035	9807080
9812035	9807087
9812035	9807164
9812035	9809192
9812035	9810126
9812035	9810206
9812035	9811149
9902125	9602070
9902125	9603133
9902125	9711200
9902125	9802109
9902125	9802150
9902125	9803001
9902125	9803002
9902125	9803137
9902125	9805114
9902125	9805129
9902125	9809022
9902125	9810126
9902125	9810206
9902125	9811035
9902125	9811156
9902125	9811208
9902125	9812017
9902125	9812089
9902125	9812144
9902125	9901041
9902125	9901101
9902125	9902012
9902125	9902074
9902155	9702076
9902155	9711200
9902155	9802109
9902155	9802150
9902155	9803001
9902155	9803002
9902155	9803023
9902155	9803131
9902155	9805140
9902155	9806021
9902155	9806171
9902155	9810126
9902155	9810206
9902155	9812035
9902155	9812089
9902155	9902125
9904017	9503121
9904017	9507170
9904017	9603167
9904017	9708042
9904017	9711200
9904017	9802042
9904017	9802109
9904017	9802150
9904017	9802183
9904017	9802203
9904017	9803015
9904017	9803060
9904017	9803131
9904017	9803251
9904017	9805015
9904017	9805082
9904017	9805114
9904017	9806087
9904017	9807046
9904017	9807080
9904017	9807164
9904017	9807226
9904017	9808149
9904017	9809009
9904017	9809022
9904017	9810126
9904017	9810206
9904017	9811097
9904017	9811230
9904017	9812035
9904017	9812089
9904017	9812092
9904017	9812238
9904017	9901041
9904017	9901109
9904017	9901134
9904017	9902074
9904017	9902125
9904017	9902129
9904017	9902155
9904017	9903026
9904017	9903059
9905012	9510209
9905012	9603142
9905012	9711027
9905012	9806022
9905012	9809124
9905012	9811141
9905012	9902071
9905210	9310151
9905210	9510209
9905210	9602070
9905210	9603133
9905210	9604090
9905210	9607164
9905210	9608173
9905210	9609209
9905210	9611213
9905210	9711200
9905210	9801206
9905210	9803235
9905210	9805157
9905210	9807051
9905210	9809124
9905210	9809147
9905210	9810155
9905210	9811089
9905210	9811141
9905210	9811193
9905210	9812093
9905210	9812118
9905210	9812163
9905210	9902071
9905210	9903019
9905210	9903225
9905210	9904021
9905210	9905012
9905210	9905096
9906064	9604090
9906064	9711200
9906064	9805157
9906064	9809147
9906064	9905111
9906064	9910093
9906194	9612146
9906194	9702076
9906194	9708005
9906194	9708042
9906194	9711035
9906194	9711200
9906194	9802109
9906194	9802150
9906194	9803001
9906194	9803002
9906194	9805104
9906194	9808162
9906194	9809022
9906194	9810186
9906194	9810206
9906194	9810227
9906194	9811120
9906194	9812035
9906194	9902074
9906194	9902155
9906194	9902170
9906194	9902195
9906194	9903026
9906194	9903109
9906194	9903132
9906194	9904017
9906194	9905075
9906194	9905104
9906194	9906030
9906194	9906201
9907070	9201007
9907070	9508072
9907070	9510209
9907070	9602136
9907070	9603004
9907070	9603090
9907070	9603100
9907070	9603150
9907070	9603161
9907070	9604090
9907070	9606049
9907070	9607108
9907070	9702103
9907070	9702165
9907070	9703157
9907070	9704142
9907070	9705169
9907070	9711200
9907070	9801161
9907070	9802109
9907070	9802150
